178
175
167
129
131
130
130
130
129
127
128
126
125
125
123
122
122
121
121
121
120
120
118
118
117
117
117
115
116
87
117
112
112
111
109
114
107
108
108
99
181
178
167
163
138
135
128
129
130
127
127
126
125
125
125
123
123
123
122
122
122
121
121
121
120
119
120
120
99
100
104
120
118
118
117
116
116
115
116
116
180
180
158
137
161
140
134
130
128
128
128
128
126
126
124
123
124
123
122
121
121
120
118
117
115
113
112
110
126
125
117
104
104
104
110
105
101
102
105
86
180
179
178
165
159
152
156
148
144
142
140
137
134
129
126
124
122
121
121
120
119
118
116
116
115
114
115
114
118
120
117
112
112
112
114
112
105
115
114
114
180
179
171
149
140
142
158
144
127
126
125
126
123
124
122
121
121
118
118
117
117
115
121
116
113
109
105
100
84
77
98
100
97
105
90
103
93
93
98
92
181
180
129
131
151
149
144
151
146
129
124
126
124
123
123
121
121
119
118
119
118
117
115
113
111
108
104
101
100
103
104
103
106
109
107
109
103
103
106
92
177
181
159
142
149
147
128
137
151
144
135
132
131
129
127
124
122
121
120
119
118
116
114
111
109
106
104
105
125
125
100
101
100
98
99
103
96
105
101
88
177
174
175
164
158
157
151
149
151
138
145
127
125
125
122
122
120
119
119
115
115
115
114
122
115
111
103
97
95
97
96
99
107
104
97
94
98
78
90
94
172
149
162
176
166
153
151
152
152
143
150
147
128
121
123
120
122
119
119
116
117
116
115
113
112
110
109
109
107
108
105
106
104
102
102
102
93
94
98
97
164
162
156
173
167
143
148
154
152
154
153
150
144
132
125
125
121
120
118
117
116
116
115
113
113
107
105
100
95
98
99
100
101
97
99
103
102
90
105
73
178
176
134
143
173
168
163
154
151
153
152
149
146
144
128
122
121
119
117
115
114
114
112
110
108
103
102
98
81
96
95
97
95
92
92
96
80
83
86
82
183
156
137
146
169
167
164
158
154
154
152
147
137
135
138
128
117
118
116
114
112
111
110
108
98
94
99
97
93
98
93
84
84
92
96
92
81
93
93
82
143
146
145
143
169
167
164
160
157
153
152
139
134
128
130
130
131
115
115
114
112
110
110
107
102
99
96
94
96
93
92
90
90
88
84
93
90
81
76
81
128
131
156
162
167
167
164
160
157
154
152
135
128
133
134
132
138
130
113
113
112
110
107
102
98
94
92
94
102
87
86
87
86
87
93
92
72
77
89
128
130
129
139
163
169
167
164
160
157
154
152
131
132
135
134
134
137
135
130
112
111
110
109
105
102
99
96
99
102
93
93
94
94
89
95
86
75
101
128
127
138
138
149
152
167
168
164
160
157
154
152
147
135
133
136
135
135
133
133
128
110
109
110
108
99
97
93
96
98
89
87
88
94
87
75
75
118
128
127
127
139
157
166
160
146
147
164
161
157
154
153
149
144
132
137
136
135
132
130
129
129
107
106
106
101
97
95
95
94
86
91
90
91
78
87
128
128
128
128
128
143
167
143
148
152
134
155
162
157
154
152
149
146
139
140
138
135
128
130
128
129
128
104
99
100
94
90
90
88
85
87
83
70
101
128
128
127
128
127
126
151
137
137
142
152
151
156
158
158
154
152
149
146
143
141
136
134
132
130
129
128
128
128
103
83
83
77
72
73
71
66
69
121
128
126
127
127
127
127
127
128
129
142
143
144
156
152
158
158
154
152
149
145
143
140
137
137
132
130
129
128
127
128
128
109
69
67
67
64
58
87
128
128
127
127
126
126
127
126
128
175
162
172
148
156
158
155
140
138
153
153
149
146
140
135
138
135
132
131
130
129
128
128
128
128
122
99
99
92
122
128
128
128
128
128
128
128
128
128
128
182
168
169
164
159
157
146
134
133
149
154
149
145
142
136
135
135
132
130
130
128
128
128
128
128
128
128
128
125
124
121
113
115
114
115
112
119
121
120
128
180
167
171
168
166
164
163
154
142
128
149
150
142
141
135
137
131
132
132
129
128
128
128
128
128
128
128
128
123
126
119
117
115
110
116
117
115
119
120
128
180
179
177
173
167
165
153
132
136
138
137
151
147
132
134
136
131
131
133
129
129
128
128
128
128
106
91
90
86
106
128
128
128
128
128
128
128
128
128
128
180
177
176
170
168
168
159
143
129
136
133
143
141
128
136
132
133
131
133
131
129
128
128
123
86
73
69
66
65
62
65
102
128
128
126
126
127
126
128
128
181
180
178
172
165
164
149
142
133
137
140
135
143
134
128
131
136
133
132
131
130
128
110
95
97
92
85
87
81
79
83
75
76
113
128
128
127
127
127
128
177
158
159
173
169
151
145
136
143
142
144
141
146
141
130
134
133
133
134
133
126
106
106
108
100
93
90
94
91
84
84
89
89
73
86
124
128
127
128
128
128
135
128
151
173
161
149
152
136
139
145
143
139
134
131
132
132
131
133
122
108
110
110
103
95
95
92
94
97
82
83
81
89
95
79
69
107
128
128
128
128
130
128
128
161
149
128
134
142
135
145
143
139
128
130
131
134
132
119
112
112
111
108
101
96
93
90
96
104
87
83
81
83
89
99
93
74
78
106
128
131
146
143
135
138
133
131
147
141
133
139
144
145
134
132
136
131
117
114
113
111
110
104
95
89
87
84
87
99
79
77
76
75
75
77
87
80
79
77
97
129
145
154
152
144
128
128
143
138
133
144
145
144
137
135
128
120
118
115
113
111
108
104
100
92
82
89
88
82
84
81
72
78
80
84
85
76
64
80
76
129
137
157
158
162
140
138
153
140
129
130
138
145
137
123
121
120
120
118
118
114
114
112
111
111
107
102
97
95
92
95
96
94
89
83
86
90
90
90
82
165
148
152
160
162
154
130
149
140
133
128
138
127
126
126
124
122
118
118
114
115
112
111
109
106
100
96
100
120
108
91
92
93
93
95
98
86
97
91
79
155
159
158
152
161
159
132
134
133
138
150
135
132
131
127
123
121
121
120
116
116
115
114
116
114
110
103
101
111
109
96
99
106
102
96
94
92
82
95
90
169
174
167
136
146
160
160
143
136
131
125
128
126
125
125
123
122
120
119
119
117
116
114
112
109
107
105
106
122
122
98
98
98
93
101
98
102
99
98
77
181
180
174
157
149
159
164
145
128
127
128
125
123
124
122
122
122
118
118
117
117
114
117
114
112
107
101
95
108
110
98
96
100
104
93
103
79
89
95
86
181
179
176
156
165
154
149
152
148
144
141
139
135
129
126
124
122
121
121
120
119
117
116
115
114
113
113
113
121
121
118
112
111
111
111
109
109
104
110
105
180
180
171
151
139
134
127
128
128
128
127
127
126
125
125
124
123
122
122
121
120
119
117
115
113
110
108
107
123
123
114
96
100
94
98
99
98
99
103
94
181
182
170
138
128
131
128
130
130
127
128
126
125
126
123
122
123
122
121
120
121
119
120
120
120
119
119
118
121
124
121
118
116
117
111
113
105
100
105
102
180
151
128
132
131
129
132
129
128
129
127
125
127
125
123
123
123
123
122
123
118
126
119
120
119
117
117
112
113
83
114
104
115
110
113
114
92
105
104
76